NOUVEAUX ussus. Lrv. IV. 137

(13313 (13 joindre 13 33311333 e 13 11133313, 3331133 1331 133 ’

33313333 3131133133, (13 31111313 etde 313133133113333, 31 (13
donner 13 3311( 3 33131 331 333311 13 311331( 1311, 3331331 33
morale, 3131313311 33131 331 33331113131331( 33313. (13333-
(1331333131311 y 3 (133 meliores 311 13 discours 313313 33133
31131 313331333131313 3331 31131 31311311333333331333113133
333331133 1’1131111313(1’33 11313133, commodans 133 maneres
metaphysiques‚ on 3 33 331333 33 quelques 1333331333 (13 ju-
ger (1311131111313 (133 gens 333 13 333333 qu'ils 33133 (1333 133
33313333333. 11333311133313 qu’au 333113333331331 (13 13
331333131133 133 protestante 331 3333333313333 adversanos 3
venir 3333 331133333 31 (11333133; 3133313331313333 13 333333
(13 333 (11333133, 13 publiea (3331333331333131313. L'on 3311
aussi combien 1331 (13 333133 31 (13 donner du jour 31 (13 13
13333 aux raisons, 3131133133331 3333133 31331,1331 (13
(11333133, 3331 (1333 33 3333311 (111131 31 (13 guerre, (1333 333
3333 (13 justice, (1333 333 33333113113333133333133, 31133313
(1333333 conversation. Ε1 133331 obligo (13 33333313 e 33
moyen, 31 (13 33 3331311133 (13 3333133 33 1133 (13 13113 (1333 333
3333331333, 333 33113 331333 313133 qu'il s’agit alors (133 333-
1133133133 131113133, (111 11 333311 1333 133(1 (1333333333 13
3331133331’31131.Α1331 133133 (11333133 33 (1333131131133 333
3313333, ou je 3313333333 131 13113331133 (133 331331133 31 (133
. 3113133133, 331 tres-grand 31 1133-1313331331; 13313 333 11131-
1133311 331 13311331 33313, 31 o’est 33331 3333 3313 333 333-
333133333333131 3133, 33 qu'on 33331311331. 1133133333331
131 33 3133 (1333 1313 13 (133333 (13 13133 (133 3313333333 333
133 331133333 (133 theologum, (1331 3333 33333 (133 relations,
3333 31331333 133 (1313313 331 s’y 3333331 3331333333, 31133
33313333 qu’on y 33333311 3111313333. Dans des 3333311311333
333133 31131333, 31 3331( 331 331133133 (13 33333133’331333
1333311 1331 31133-,13313313 331333333331331333133133111-
33133313111 33333 31133 3331 11333333 333133 13 333113. En un
31311331 (13 33313333 31 (13 (11333133 333311 1133313 (13133 1331
3313333. Pour 33331 331 (13 1313331333 (13 33131 331 3331313

dernier, il n'a presque 1133 3333333 133 conversations libres3
333,·(1333 133 33333113133331133333 3331 333 ordre, 3311 qu’on

 

