666 conulsmunuucu

1666611 616666161661666166 6611661661616 queue 16166666 666
66611 661166. le 66166666, 666 6661661666 66661666666616166611 66-
1166611’66666616 16666166111166 d’Iueee et qu’il 661116 ensuite. 116166
66 61666 666 666116 6616666666666 16116166 666 611166 6611660116 66
66661116 661666666666 666 6661666666 66116 6666661666. 16616 16116
166 666666666 666116 661 666166666 6666 666 66666116 66 6666666
661166 666611 66 6666666, 61 6661661 66 66 616 que 16166661661661166
66 meme 6616161661 6 16666666 616 16 166166 6166. Cela se 66666611
6166 6166 quelque 66616616616666 dens 66166 6661116666 666 formes
66661661161166 6666 66661116 661 661166166611166,66666 666 le 66611-
166 661 66 66666 66666166, 66661 6166 666 6 66661116, 61 61161661
6661 66 6611661 66166616166 6616 6666 16 166166 666 16 66661116,
611666 qu’il 66666666 beaucoup de parties de 16 66661116 61166 666116
6666666661, 61 666 166 autres 6661 666666666661161166. Meis
cette partie du 661166 666611 66 666666 6666 laquelle 16166 66 661166
66 666611 6611666, 661661 66161 6661161666, 66 peut 6166 66166 pour
un animal, 61 6161116616 611 661166 y 61661 161616 66 66166666 66161
66 6616161, 61666666 166166 66 661166 6666616 demit 16166 16166
666 661166. Quo 1666 66661666 66 66 661166 6666 66116 6666661
(166 6116 66 6661 s’en 6666666 66116 61116666 : 66 666611 6666666161-
6661166 66616 666 ,vous 6666666666111 11 66 661 66 meme 6666
16116116 6661666 emes qui 66 66166666661661 point 6661166611 61661
6616166 e 666 6661166 66 16611666 666 6666616666, 616666 666611666,
66166166661 16166 661661661616 61661166 666616 661666. Ge 666611
6666 666 1611611666 66666616666166611666 666 66116 16116116 661666
1616166 6666 66666 661 66 66661661 661616611666.

’ Il u’y 6 666 1666161666 666 j’ei vu oeque ll. 16666 (1616166 6 16-
pondu 6 66166 66611666, 6666 166 Nuuvelles 6616 666666666 666
1611666 66 16616 66 juin. Ge qu’ily 611 166 6666116166 61616. 16616 11
66 66616166 666 6166 6616 16166 666666. 111 61661 66116666 16 66-
66666 666 1666 161 ferez. 166616,

6166616116,

1161661666-61116616 611666666166661666111666. Α Α

Α. 11666616 66 1666666116.
ce 11 66111161. ·

veile, 616666166666, 16 6666666616 dumille de M. Lelhniz 661 ¹
666 616 6616666666 V. A. S. 666 16 16616 666611 6666166, 1661666

 

