NOUVEAUX ussus. Ami-PRORQS. 2⁴

6611666, 66 66 66616616661666666 16 6166661 6666666166
pour 16 666666661, pareo qu'il eroit que 166 6611166 6661166
(16 16 6611666 6661 6616166. J'avoue que si 16 6611666 61611
66666666 (16 161166 parties, 16 666666661 (166616 61616 666611
impossible, comme si 666 chambre 61611 616166 (1666 quan·

1116 (16 661116 66111666, 6666 66116 erit 16 6616166 61666 ride.
Mais 66 66666666 point 6611666666611166,(16611166 666611
666 666616611 6 611 aucune raison3 quoique 661 habile
auteur ailla jusqu’a 666166 66616 roideur 66 16 66666166 (166
6611166 parties 161116666666 (16 corps. 111661616161666666616
1666666 comme 61616 (1666 metiore 66161661666661116166,
suseeptiblo (16 166166 les (11661666, 61 6666661116, 6666
661661166661, ades (116161666 61 661616161666 a l’infini3 mais
6666 66116 (1111666666 66661661, 666116 661 (1161611616 61 (1161666
666616666166 differente endroits 666666 (166 6666666616
661 6 6661 (1666 6166 66 66166 66666166616; 66661 1611666116
6 6661661 66 (16666 (16 6616666 aussi 6166666 (1611616116 61
6611 66 666666 66666, 661 6611 (16666 fluide 66 6666666
(16666, o'est-a-dire, 6666 66 trouve aucun 61666 d’une
(166616 iusurmoutable,ni 666666 masse 6611666666116-
6166666616 division. Aussi l’ordre (16 16 661666, 61 par·
ticulierement 16 161 (16 16 6661166116 (1616611666166661 l’un
61166166.

J’ai 1611 6616 66661666 16 66666166, 661 66 666611 666 6116-
6666161161 (161166616166 oudu 666666661, 666666611666
16661166 prisea 16 6166666. Car s'il 66661166 66666 66161661·
rement 66166, 666 example 66 61666 611616666, 661 666611
666 666116 6666666 66 16666 (16 66661661(661666’66 666166
1166666666 616666 (16 1661666616 (16116666666666661661 666666
11666611 6666161 16 66616 (16661 61666,6’661-66166 16 666116
6666 66 666666 66161, 61 661 66 tombe point (1666 16 11666
(16 1166616166. 1166666661 66166 habile auteur 661 161-6666
contre 666 166611666 616116666166666, 1611666666 166 61161-
16611 autrefois 6 16 6661616 (16 6166; 61 11166 reduit 666
impulsione, soutenaut 6666 166 modernae, 66666 666116 de
16 6611666 666666 1666616166661666166166, 6666 16
66666661 (16 prta, 66 6661 je 6661666116 661661666, 66666

 

